8 8
1 6 1 9
8 3 1 8
1 7 7 3
0 5 5 8
2 6 5 3
2 4 3 4
9 9 6 9
9 2 7 1
1 2 1 7
5 3 4 2
0 2 5 9
1 0 1 7
4 0 9 0
9 9 6 7
6 7 9 8
3 1 0 2
0 0 1 2
3 7 0 5
6 2 1 2
2 8 9 3
3 5 2 9
0 5 4 3
9 8 8 9
4 0 8 6
5 1 4 7
8 3 3 0
5 7 7 3
6 9 5 2
8 3 6 2
0 7 2 2
8 6 9 6
3 2 1 1
8 7 2 5
0 8 7 7
1 3 2 0
3 2 3 5
7 1 4 6
6 9 2 9
6 3 8 9
5 0 8 3
7 9 3 6
8 4 4 8
1 9 1 3
9 9 8 7
8 5 5 0
8 6 3 1
4 2 8 2
8 2 3 7
2 0 3 5
5 8 6 2
3 5 6 8
8 9 8 9
4 3 7 4
8 6 3 9
2 2 9 9
7 2 0 2
3 9 3 5
6 9 8 2
3 1 3 0
9 7 1 9
2 7 6 0
3 0 0 3
1 2 5 6
7 2 0 0
